CATEGORY MODEL EVALUATION
==========================

Accuracy: 0.5297

Weighted Metrics:
Precision: 0.6297
Recall:    0.5297
F1-score:  0.5258

Macro Metrics:
Precision: 0.2058
Recall:    0.1876
F1-score:  0.1771

Confusion Matrix:
[[145   0   0   0   0   0   0   0   0   0   0   0   0   0  41   0   0   0
    0   0   0   0   0   0   0   0   0   0   0]
 [  1   0   0   0   0   0   0   0   0   0   0   0   0   0   1   0   0   0
    0   0   0   0   0   0   0   0   0   0   0]
 [  0   0   0   0   0   0   0   0   0   0   0   0   0   0   0   0   0   0
    0   0   0   0   0   0   0   1   0   0   0]
 [  0   0   0   0   0   0   0   0   0   0   0   0   0   0   2   0   0   0
    0   0   0   0   0   0   0   1   0   0   0]
 [  0   0   0   0   0   0   0   0   0   0   0   0   0   0   0   0   0   0
    0   1   0   0   0   0   0   0   0   0   0]
 [  0   0   0   0   0   0   1   0   0   0   0   0   0   0   0   0   0   0
    0   0   0   0   0   0   0   1   0   0   0]
 [ 20   0   0   0   0   0  69   0   0  31   0   0   0   0  34   0   0   0
    0   0   0   0   0   0   0  23   0   0   5]
 [  1   0   0   0   0   0   2  65   0   5   0   0   0   0  90   0   0   0
    0   0   9   0   0   0   0   8   0   0   3]
 [  0   0   0   0   0   0   0   0   0   2   0   0   0   0   0   0   0   0
    0   0   0   0   0   0   0   0   0   0   0]
 [ 17   0   0   0   0   0   8   0   0 127   0   0   0   0  31   0   1   0
    0   0   0   0   0   0   0   1   0   0   0]
 [  0   0   0   0   0   0   0   0   0   0   0   0   0   0   0   0   1   0
    0   0   0   0   0   0   0   0   0   0   0]
 [  0   0   0   0   0   0   0   0   0   0   0   0   0   0   0   0   1   0
    0   0   0   0   0   0   0   0   0   0   0]
 [  0   0   0   0   0   0   0   0   0   0   0   0   0   0   1   0   1   0
    0   0   0   0   0   0   0   0   0   0   0]
 [  0   0   0   0   0   0   0   0   0   0   0   0   0   0   0   0   1   0
    0   0   0   0   0   0   0   0   0   0   0]
 [  5   0   0   0   0   0   4   1   0   9   0   0   0   0 161   0   0   0
    0   0  10   0   0   0   0   8   0   0   1]
 [  0   0   0   0   0   0   0   0   0   0   0   0   0   0   0   0   4   0
    0   0   0   0   0   0   0   0   0   0   0]
 [  0   0   0   0   0   0   0   0   0   2   0   0   0   0   0   0   2   0
    0   0   0   0   0   0   0   0   0   0   0]
 [  0   0   0   0   0   0   0   0   0   0   0   0   0   0   0   0   0   0
    0   1   0   0   0   0   0   0   0   0   0]
 [  0   0   0   0   0   0   0   1   0   0   0   0   0   0   0   0   1   0
    0   0   0   0   0   0   0   0   0   0   0]
 [  0   0   0   0   0   0   0   0   0   1   0   0   0   0   1   0   0   0
    0   4   0   0   0   0   0   0   0   0   0]
 [  4   0   0   0   0   0   3   2   0  12   0   0   0   0  59   0   0   0
    0   0  78   0   0   0   0   6   0   0   3]
 [  0   0   0   0   0   0   0   0   0   0   0   0   0   0   0   0   2   0
    0   0   0   0   0   0   0   0   0   0   0]
 [  0   0   0   0   0   0   0   0   0   0   0   0   0   0   0   0   0   0
    0   0   0   0   0   0   0   1   0   0   0]
 [  0   0   0   0   0   0   0   0   0   0   0   0   0   0   0   0   2   0
    0   0   0   0   0   0   0   0   0   0   0]
 [  0   0   0   1   0   0   0   0   0   0   0   0   0   0   1   0   0   0
    0   0   0   0   0   0   0   0   0   0   0]
 [ 18   0   0   0   0   0   7   0   0  24   0   0   0   0  37   0   0   0
    0   0   0   0   0   0   0  79   0   0   2]
 [  0   0   0   0   0   0   0   0   0   0   0   0   0   0   0   0   1   0
    0   0   0   0   0   0   0   0   0   0   0]
 [  0   0   0   0   0   0   0   0   0   0   0   0   0   0   0   0   2   0
    0   0   0   0   0   0   0   0   0   0   0]
 [ 12   0   0   0   0   0   8   0   0  29   0   0   0   0  31   0   1   0
    0   0   1   0   0   0   0  33   0   0  55]]

Classification Report:
                        precision    recall  f1-score   support

         account_issue       0.65      0.78      0.71       186
         banking_issue       0.00      0.00      0.00         2
         billing_error       0.00      0.00      0.00         1
         billing_issue       0.00      0.00      0.00         3
    cancellation_issue       0.00      0.00      0.00         1
      customer_service       0.00      0.00      0.00         2
customer_service_issue       0.68      0.38      0.49       182
       damaged_product       0.94      0.36      0.52       183
        delivery_delay       0.00      0.00      0.00         2
        delivery_issue       0.52      0.69      0.59       185
          food_quality       0.00      0.00      0.00         1
                 fraud       0.00      0.00      0.00         1
           fraud_issue       0.00      0.00      0.00         2
          missing_item       0.00      0.00      0.00         1
         payment_issue       0.33      0.81      0.47       199
         product_issue       0.00      0.00      0.00         4
       product_quality       0.10      0.50      0.17         4
     promotional_issue       0.00      0.00      0.00         1
         quality_issue       0.00      0.00      0.00         2
          refund_issue       0.67      0.67      0.67         6
        refund_request       0.80      0.47      0.59       167
          return_issue       0.00      0.00      0.00         2
         service_issue       0.00      0.00      0.00         1
        staff_behavior       0.00      0.00      0.00         2
    subscription_issue       0.00      0.00      0.00         2
       technical_issue       0.49      0.47      0.48       167
        warranty_issue       0.00      0.00      0.00         1
            wrong_item       0.00      0.00      0.00         2
         wrong_product       0.80      0.32      0.46       170

              accuracy                           0.53      1482
             macro avg       0.21      0.19      0.18      1482
          weighted avg       0.63      0.53      0.53      1482
